asset_id,asset_name,asset_token_id,asset_contract_date,asset_contract_address,chain_identifier,asset_contract_type,owner,schema_name,symbol,external_link,asset_url,asset_img_url,animation_url,asset_img_org_url,animation_org_url,collection_slug,collection_name,collection_url,collection_created_date,featured,featured_image_url,safelist_request_status,is_nsfw,hidden,seller_fee,token_metadata,collection_discord_url,event_id,event_time,event_contract_address,Unnamed: 0
272408642,Duck #2390,2390,2021-11-25T04:28:45.136535,0x7b7dad77e4090160f9cb6ba57a5a774c12d4c28a,ethereum,non-fungible,77615792.0,ERC721,SCD,,https://opensea.io/assets/ethereum/0x7b7dad77e4090160f9cb6ba57a5a774c12d4c28a/2390,https://i.seadn.io/s/raw/files/45e4792ddb5f98307abedaca2a279fef.png?w=500&auto=format,,https://hell.nonconformistducks.com/images/grave-torture.png,,nonconformisthellducks,Nonconformist Hell Ducks,https://opensea.io/collection/nonconformisthellducks,2021-11-25T05:02:34.786438+00:00,False,https://i.seadn.io/gae/Lf0shAAbKGco-BD1Ss6pxIN1inAwzpppXgRpDCE-RQCYE2KpA_QMg3gp28dFVMaQ0Urtlo4bL968hY2HJO-qeq30JhLa5t_cxdByzi8?w=500&auto=format,verified,False,False,{'0xf152fcbe56a91d3bf0ed3497913bacae9c62800d': 800},https://hell.nonconformistducks.com/metadata/2390,https://discord.gg/noncoducks,4614687186,2022-04-01T00:00:26.240294,0x7f268357a8c2552623316e2562d90e642bb538e5,
273572335,Duck #3197,3197,2021-11-25T04:28:45.136535,0x7b7dad77e4090160f9cb6ba57a5a774c12d4c28a,ethereum,non-fungible,77615792.0,ERC721,SCD,,https://opensea.io/assets/ethereum/0x7b7dad77e4090160f9cb6ba57a5a774c12d4c28a/3197,https://i.seadn.io/s/raw/files/45e4792ddb5f98307abedaca2a279fef.png?w=500&auto=format,,https://hell.nonconformistducks.com/images/grave-torture.png,,nonconformisthellducks,Nonconformist Hell Ducks,https://opensea.io/collection/nonconformisthellducks,2021-11-25T05:02:34.786438+00:00,False,https://i.seadn.io/gae/Lf0shAAbKGco-BD1Ss6pxIN1inAwzpppXgRpDCE-RQCYE2KpA_QMg3gp28dFVMaQ0Urtlo4bL968hY2HJO-qeq30JhLa5t_cxdByzi8?w=500&auto=format,verified,False,False,{'0xf152fcbe56a91d3bf0ed3497913bacae9c62800d': 800},https://hell.nonconformistducks.com/metadata/3197,https://discord.gg/noncoducks,3391137324,2022-02-11T04:59:15.121468,0x7be8076f4ea4a4ad08075c2508e481d6c946d12b,
297999607,Duck #7394,7394,2021-11-25T04:28:45.136535,0x7b7dad77e4090160f9cb6ba57a5a774c12d4c28a,ethereum,non-fungible,77615792.0,ERC721,SCD,,https://opensea.io/assets/ethereum/0x7b7dad77e4090160f9cb6ba57a5a774c12d4c28a/7394,https://i.seadn.io/s/raw/files/45e4792ddb5f98307abedaca2a279fef.png?w=500&auto=format,,https://hell.nonconformistducks.com/images/grave-torture.png,,nonconformisthellducks,Nonconformist Hell Ducks,https://opensea.io/collection/nonconformisthellducks,2021-11-25T05:02:34.786438+00:00,False,https://i.seadn.io/gae/Lf0shAAbKGco-BD1Ss6pxIN1inAwzpppXgRpDCE-RQCYE2KpA_QMg3gp28dFVMaQ0Urtlo4bL968hY2HJO-qeq30JhLa5t_cxdByzi8?w=500&auto=format,verified,False,False,{'0xf152fcbe56a91d3bf0ed3497913bacae9c62800d': 800},https://hell.nonconformistducks.com/metadata/7394,https://discord.gg/noncoducks,3550035837,2022-02-19T06:57:56.380619,0x7f268357a8c2552623316e2562d90e642bb538e5,
291114272,Duck #6001,6001,2021-11-25T04:28:45.136535,0x7b7dad77e4090160f9cb6ba57a5a774c12d4c28a,ethereum,non-fungible,77615792.0,ERC721,SCD,,https://opensea.io/assets/ethereum/0x7b7dad77e4090160f9cb6ba57a5a774c12d4c28a/6001,https://i.seadn.io/s/raw/files/45e4792ddb5f98307abedaca2a279fef.png?w=500&auto=format,,https://hell.nonconformistducks.com/images/grave-torture.png,,nonconformisthellducks,Nonconformist Hell Ducks,https://opensea.io/collection/nonconformisthellducks,2021-11-25T05:02:34.786438+00:00,False,https://i.seadn.io/gae/Lf0shAAbKGco-BD1Ss6pxIN1inAwzpppXgRpDCE-RQCYE2KpA_QMg3gp28dFVMaQ0Urtlo4bL968hY2HJO-qeq30JhLa5t_cxdByzi8?w=500&auto=format,verified,False,False,{'0xf152fcbe56a91d3bf0ed3497913bacae9c62800d': 800},https://hell.nonconformistducks.com/metadata/6001,https://discord.gg/noncoducks,3642562832,2022-02-23T18:58:27.494789,0x7f268357a8c2552623316e2562d90e642bb538e5,
305791933,Duck #9893,9893,2021-11-25T04:28:45.136535,0x7b7dad77e4090160f9cb6ba57a5a774c12d4c28a,ethereum,non-fungible,77615792.0,ERC721,SCD,,https://opensea.io/assets/ethereum/0x7b7dad77e4090160f9cb6ba57a5a774c12d4c28a/9893,https://i.seadn.io/s/raw/files/45e4792ddb5f98307abedaca2a279fef.png?w=500&auto=format,,https://hell.nonconformistducks.com/images/grave-torture.png,,nonconformisthellducks,Nonconformist Hell Ducks,https://opensea.io/collection/nonconformisthellducks,2021-11-25T05:02:34.786438+00:00,False,https://i.seadn.io/gae/Lf0shAAbKGco-BD1Ss6pxIN1inAwzpppXgRpDCE-RQCYE2KpA_QMg3gp28dFVMaQ0Urtlo4bL968hY2HJO-qeq30JhLa5t_cxdByzi8?w=500&auto=format,verified,False,False,{'0xf152fcbe56a91d3bf0ed3497913bacae9c62800d': 800},https://hell.nonconformistducks.com/metadata/9893,https://discord.gg/noncoducks,9768062416,2023-02-05T06:58:01.984663,0x00000000006c3852cbef3e08e8df289169ede581,
297842186,Duck #7307,7307,2021-11-25T04:28:45.136535,0x7b7dad77e4090160f9cb6ba57a5a774c12d4c28a,ethereum,non-fungible,77615792.0,ERC721,SCD,,https://opensea.io/assets/ethereum/0x7b7dad77e4090160f9cb6ba57a5a774c12d4c28a/7307,https://i.seadn.io/s/raw/files/45e4792ddb5f98307abedaca2a279fef.png?w=500&auto=format,,https://hell.nonconformistducks.com/images/grave-torture.png,,nonconformisthellducks,Nonconformist Hell Ducks,https://opensea.io/collection/nonconformisthellducks,2021-11-25T05:02:34.786438+00:00,False,https://i.seadn.io/gae/Lf0shAAbKGco-BD1Ss6pxIN1inAwzpppXgRpDCE-RQCYE2KpA_QMg3gp28dFVMaQ0Urtlo4bL968hY2HJO-qeq30JhLa5t_cxdByzi8?w=500&auto=format,verified,False,False,{'0xf152fcbe56a91d3bf0ed3497913bacae9c62800d': 800},https://hell.nonconformistducks.com/metadata/7307,https://discord.gg/noncoducks,9327085866,2023-01-16T08:58:38.837869,0x7b7dad77e4090160f9cb6ba57a5a774c12d4c28a,50336.0
272358628,Duck #1180,1180,2021-11-25T04:28:45.136535,0x7b7dad77e4090160f9cb6ba57a5a774c12d4c28a,ethereum,non-fungible,77615792.0,ERC721,SCD,,https://opensea.io/assets/ethereum/0x7b7dad77e4090160f9cb6ba57a5a774c12d4c28a/1180,https://i.seadn.io/s/raw/files/45e4792ddb5f98307abedaca2a279fef.png?w=500&auto=format,,https://hell.nonconformistducks.com/images/grave-torture.png,,nonconformisthellducks,Nonconformist Hell Ducks,https://opensea.io/collection/nonconformisthellducks,2021-11-25T05:02:34.786438+00:00,False,https://i.seadn.io/gae/Lf0shAAbKGco-BD1Ss6pxIN1inAwzpppXgRpDCE-RQCYE2KpA_QMg3gp28dFVMaQ0Urtlo4bL968hY2HJO-qeq30JhLa5t_cxdByzi8?w=500&auto=format,verified,False,False,{'0xf152fcbe56a91d3bf0ed3497913bacae9c62800d': 800},https://hell.nonconformistducks.com/metadata/1180,https://discord.gg/noncoducks,4610358224,2022-03-31T19:59:26.327786,0x7f268357a8c2552623316e2562d90e642bb538e5,
287727281.0,Duck #5441,5441,2021-11-25T04:28:45.136535,0x7b7dad77e4090160f9cb6ba57a5a774c12d4c28a,ethereum,non-fungible,77615792.0,ERC721,SCD,,https://opensea.io/assets/ethereum/0x7b7dad77e4090160f9cb6ba57a5a774c12d4c28a/5441,https://i.seadn.io/s/raw/files/45e4792ddb5f98307abedaca2a279fef.png?w=500&auto=format,,https://hell.nonconformistducks.com/images/grave-torture.png,,nonconformisthellducks,Nonconformist Hell Ducks,https://opensea.io/collection/nonconformisthellducks,2021-11-25T05:02:34.786438+00:00,False,https://i.seadn.io/gae/Lf0shAAbKGco-BD1Ss6pxIN1inAwzpppXgRpDCE-RQCYE2KpA_QMg3gp28dFVMaQ0Urtlo4bL968hY2HJO-qeq30JhLa5t_cxdByzi8?w=500&auto=format,verified,False,False,{'0xf152fcbe56a91d3bf0ed3497913bacae9c62800d': 800},https://hell.nonconformistducks.com/metadata/5441,https://discord.gg/noncoducks,8316578502.0,2022-11-10T14:21:28.992079,0x00000000006c3852cbef3e08e8df289169ede581,
293806639,Duck #6520,6520,2021-11-25T04:28:45.136535,0x7b7dad77e4090160f9cb6ba57a5a774c12d4c28a,ethereum,non-fungible,77615792.0,ERC721,SCD,,https://opensea.io/assets/ethereum/0x7b7dad77e4090160f9cb6ba57a5a774c12d4c28a/6520,https://i.seadn.io/s/raw/files/45e4792ddb5f98307abedaca2a279fef.png?w=500&auto=format,,https://hell.nonconformistducks.com/images/grave-torture.png,,nonconformisthellducks,Nonconformist Hell Ducks,https://opensea.io/collection/nonconformisthellducks,2021-11-25T05:02:34.786438+00:00,False,https://i.seadn.io/gae/Lf0shAAbKGco-BD1Ss6pxIN1inAwzpppXgRpDCE-RQCYE2KpA_QMg3gp28dFVMaQ0Urtlo4bL968hY2HJO-qeq30JhLa5t_cxdByzi8?w=500&auto=format,verified,False,False,{'0xf152fcbe56a91d3bf0ed3497913bacae9c62800d': 800},https://hell.nonconformistducks.com/metadata/6520,https://discord.gg/noncoducks,8232809624,2022-11-04T00:55:26.261881,0x00000000006c3852cbef3e08e8df289169ede581,
286519487,Duck #5265,5265,2021-11-25T04:28:45.136535,0x7b7dad77e4090160f9cb6ba57a5a774c12d4c28a,ethereum,non-fungible,77615792.0,ERC721,SCD,,https://opensea.io/assets/ethereum/0x7b7dad77e4090160f9cb6ba57a5a774c12d4c28a/5265,https://i.seadn.io/s/raw/files/45e4792ddb5f98307abedaca2a279fef.png?w=500&auto=format,,https://hell.nonconformistducks.com/images/grave-torture.png,,nonconformisthellducks,Nonconformist Hell Ducks,https://opensea.io/collection/nonconformisthellducks,2021-11-25T05:02:34.786438+00:00,False,https://i.seadn.io/gae/Lf0shAAbKGco-BD1Ss6pxIN1inAwzpppXgRpDCE-RQCYE2KpA_QMg3gp28dFVMaQ0Urtlo4bL968hY2HJO-qeq30JhLa5t_cxdByzi8?w=500&auto=format,verified,False,False,{'0xf152fcbe56a91d3bf0ed3497913bacae9c62800d': 800},https://hell.nonconformistducks.com/metadata/5265,https://discord.gg/noncoducks,8873474099,2022-12-20T20:59:37.641630,0x00000000006c3852cbef3e08e8df289169ede581,
272425858,Duck #2487,2487,2021-11-25T04:28:45.136535,0x7b7dad77e4090160f9cb6ba57a5a774c12d4c28a,ethereum,non-fungible,77615792.0,ERC721,SCD,,https://opensea.io/assets/ethereum/0x7b7dad77e4090160f9cb6ba57a5a774c12d4c28a/2487,https://i.seadn.io/s/raw/files/45e4792ddb5f98307abedaca2a279fef.png?w=500&auto=format,,https://hell.nonconformistducks.com/images/grave-torture.png,,nonconformisthellducks,Nonconformist Hell Ducks,https://opensea.io/collection/nonconformisthellducks,2021-11-25T05:02:34.786438+00:00,False,https://i.seadn.io/gae/Lf0shAAbKGco-BD1Ss6pxIN1inAwzpppXgRpDCE-RQCYE2KpA_QMg3gp28dFVMaQ0Urtlo4bL968hY2HJO-qeq30JhLa5t_cxdByzi8?w=500&auto=format,verified,False,False,{'0xf152fcbe56a91d3bf0ed3497913bacae9c62800d': 800},https://hell.nonconformistducks.com/metadata/2487,https://discord.gg/noncoducks,7902499942,2022-10-09T09:57:45.146571,0x00000000006c3852cbef3e08e8df289169ede581,
294589826,Duck #6653,6653,2021-11-25T04:28:45.136535,0x7b7dad77e4090160f9cb6ba57a5a774c12d4c28a,ethereum,non-fungible,77615792.0,ERC721,SCD,,https://opensea.io/assets/ethereum/0x7b7dad77e4090160f9cb6ba57a5a774c12d4c28a/6653,https://i.seadn.io/s/raw/files/45e4792ddb5f98307abedaca2a279fef.png?w=500&auto=format,,https://hell.nonconformistducks.com/images/grave-torture.png,,nonconformisthellducks,Nonconformist Hell Ducks,https://opensea.io/collection/nonconformisthellducks,2021-11-25T05:02:34.786438+00:00,False,https://i.seadn.io/gae/Lf0shAAbKGco-BD1Ss6pxIN1inAwzpppXgRpDCE-RQCYE2KpA_QMg3gp28dFVMaQ0Urtlo4bL968hY2HJO-qeq30JhLa5t_cxdByzi8?w=500&auto=format,verified,False,False,{'0xf152fcbe56a91d3bf0ed3497913bacae9c62800d': 800},https://hell.nonconformistducks.com/metadata/6653,https://discord.gg/noncoducks,7911085040,2022-10-10T03:55:26.669673,0x00000000006c3852cbef3e08e8df289169ede581,
298757562,Duck #7662,7662,2021-11-25T04:28:45.136535,0x7b7dad77e4090160f9cb6ba57a5a774c12d4c28a,ethereum,non-fungible,77615792.0,ERC721,SCD,,https://opensea.io/assets/ethereum/0x7b7dad77e4090160f9cb6ba57a5a774c12d4c28a/7662,https://i.seadn.io/s/raw/files/45e4792ddb5f98307abedaca2a279fef.png?w=500&auto=format,,https://hell.nonconformistducks.com/images/grave-torture.png,,nonconformisthellducks,Nonconformist Hell Ducks,https://opensea.io/collection/nonconformisthellducks,2021-11-25T05:02:34.786438+00:00,False,https://i.seadn.io/gae/Lf0shAAbKGco-BD1Ss6pxIN1inAwzpppXgRpDCE-RQCYE2KpA_QMg3gp28dFVMaQ0Urtlo4bL968hY2HJO-qeq30JhLa5t_cxdByzi8?w=500&auto=format,verified,False,False,{'0xf152fcbe56a91d3bf0ed3497913bacae9c62800d': 800},https://hell.nonconformistducks.com/metadata/7662,https://discord.gg/noncoducks,7937196221,2022-10-12T09:57:20.238495,0x00000000006c3852cbef3e08e8df289169ede581,
272367093,Duck #1612,1612,2021-11-25T04:28:45.136535,0x7b7dad77e4090160f9cb6ba57a5a774c12d4c28a,ethereum,non-fungible,77615792.0,ERC721,SCD,,https://opensea.io/assets/ethereum/0x7b7dad77e4090160f9cb6ba57a5a774c12d4c28a/1612,https://i.seadn.io/s/raw/files/45e4792ddb5f98307abedaca2a279fef.png?w=500&auto=format,,https://hell.nonconformistducks.com/images/grave-torture.png,,nonconformisthellducks,Nonconformist Hell Ducks,https://opensea.io/collection/nonconformisthellducks,2021-11-25T05:02:34.786438+00:00,False,https://i.seadn.io/gae/Lf0shAAbKGco-BD1Ss6pxIN1inAwzpppXgRpDCE-RQCYE2KpA_QMg3gp28dFVMaQ0Urtlo4bL968hY2HJO-qeq30JhLa5t_cxdByzi8?w=500&auto=format,verified,False,False,{'0xf152fcbe56a91d3bf0ed3497913bacae9c62800d': 800},https://hell.nonconformistducks.com/metadata/1612,https://discord.gg/noncoducks,7937196201,2022-10-12T09:57:20.119881,0x00000000006c3852cbef3e08e8df289169ede581,
272363641,Duck #1457,1457,2021-11-25T04:28:45.136535,0x7b7dad77e4090160f9cb6ba57a5a774c12d4c28a,ethereum,non-fungible,77615792.0,ERC721,SCD,,https://opensea.io/assets/ethereum/0x7b7dad77e4090160f9cb6ba57a5a774c12d4c28a/1457,https://i.seadn.io/s/raw/files/45e4792ddb5f98307abedaca2a279fef.png?w=500&auto=format,,https://hell.nonconformistducks.com/images/grave-torture.png,,nonconformisthellducks,Nonconformist Hell Ducks,https://opensea.io/collection/nonconformisthellducks,2021-11-25T05:02:34.786438+00:00,False,https://i.seadn.io/gae/Lf0shAAbKGco-BD1Ss6pxIN1inAwzpppXgRpDCE-RQCYE2KpA_QMg3gp28dFVMaQ0Urtlo4bL968hY2HJO-qeq30JhLa5t_cxdByzi8?w=500&auto=format,verified,False,False,{'0xf152fcbe56a91d3bf0ed3497913bacae9c62800d': 800},https://hell.nonconformistducks.com/metadata/1457,https://discord.gg/noncoducks,8314133543,2022-11-10T10:04:34.725106,0x00000000006c3852cbef3e08e8df289169ede581,
272392626,Duck #2253,2253,2021-11-25T04:28:45.136535,0x7b7dad77e4090160f9cb6ba57a5a774c12d4c28a,ethereum,non-fungible,77615792.0,ERC721,SCD,,https://opensea.io/assets/ethereum/0x7b7dad77e4090160f9cb6ba57a5a774c12d4c28a/2253,https://i.seadn.io/s/raw/files/45e4792ddb5f98307abedaca2a279fef.png?w=500&auto=format,,https://hell.nonconformistducks.com/images/grave-torture.png,,nonconformisthellducks,Nonconformist Hell Ducks,https://opensea.io/collection/nonconformisthellducks,2021-11-25T05:02:34.786438+00:00,False,https://i.seadn.io/gae/Lf0shAAbKGco-BD1Ss6pxIN1inAwzpppXgRpDCE-RQCYE2KpA_QMg3gp28dFVMaQ0Urtlo4bL968hY2HJO-qeq30JhLa5t_cxdByzi8?w=500&auto=format,verified,False,False,{'0xf152fcbe56a91d3bf0ed3497913bacae9c62800d': 800},https://hell.nonconformistducks.com/metadata/2253,https://discord.gg/noncoducks,8314133410,2022-11-10T10:04:33.989043,0x00000000006c3852cbef3e08e8df289169ede581,
272356662,Duck #943,943,2021-11-25T04:28:45.136535,0x7b7dad77e4090160f9cb6ba57a5a774c12d4c28a,ethereum,non-fungible,77615792.0,ERC721,SCD,,https://opensea.io/assets/ethereum/0x7b7dad77e4090160f9cb6ba57a5a774c12d4c28a/943,https://i.seadn.io/s/raw/files/45e4792ddb5f98307abedaca2a279fef.png?w=500&auto=format,,https://hell.nonconformistducks.com/images/grave-torture.png,,nonconformisthellducks,Nonconformist Hell Ducks,https://opensea.io/collection/nonconformisthellducks,2021-11-25T05:02:34.786438+00:00,False,https://i.seadn.io/gae/Lf0shAAbKGco-BD1Ss6pxIN1inAwzpppXgRpDCE-RQCYE2KpA_QMg3gp28dFVMaQ0Urtlo4bL968hY2HJO-qeq30JhLa5t_cxdByzi8?w=500&auto=format,verified,False,False,{'0xf152fcbe56a91d3bf0ed3497913bacae9c62800d': 800},https://hell.nonconformistducks.com/metadata/943,https://discord.gg/noncoducks,7512791999,2022-09-01T06:01:57.564460,0x00000000006c3852cbef3e08e8df289169ede581,
296402479,Duck #6986,6986,2021-11-25T04:28:45.136535,0x7b7dad77e4090160f9cb6ba57a5a774c12d4c28a,ethereum,non-fungible,77615792.0,ERC721,SCD,,https://opensea.io/assets/ethereum/0x7b7dad77e4090160f9cb6ba57a5a774c12d4c28a/6986,https://i.seadn.io/s/raw/files/45e4792ddb5f98307abedaca2a279fef.png?w=500&auto=format,,https://hell.nonconformistducks.com/images/grave-torture.png,,nonconformisthellducks,Nonconformist Hell Ducks,https://opensea.io/collection/nonconformisthellducks,2021-11-25T05:02:34.786438+00:00,False,https://i.seadn.io/gae/Lf0shAAbKGco-BD1Ss6pxIN1inAwzpppXgRpDCE-RQCYE2KpA_QMg3gp28dFVMaQ0Urtlo4bL968hY2HJO-qeq30JhLa5t_cxdByzi8?w=500&auto=format,verified,False,False,{'0xf152fcbe56a91d3bf0ed3497913bacae9c62800d': 800},https://hell.nonconformistducks.com/metadata/6986,https://discord.gg/noncoducks,7544656172,2022-09-04T19:59:24.656982,0x00000000006c3852cbef3e08e8df289169ede581,
329452389,Gutter Juice #1609,1608,2022-03-08T13:48:44.576133,0x092bbc993042a69811d23feb0e64e3bfa0920c6a,ethereum,non-fungible,4531684124.0,ERC721,JUICE,https://guttercatgang.com/,https://opensea.io/assets/ethereum/0x092bbc993042a69811d23feb0e64e3bfa0920c6a/1608,https://i.seadn.io/gae/AWfmhXQo6FV5SWCCi-vt_umUKQoDwtOhjnQ2meRLzgMuh9I1Sr0BzfPWlRNBz7VWlroJ0Xtbgdule-Kmez1fxi-aFKp1Ie0H4Fcw5GY?w=500&auto=format,,ipfs://QmPKect1QCcKZTbcfmGbeKKTM74wVdGpEpXjKMGKTBxom1,,gutter-juice,Gutter Juice,https://opensea.io/collection/gutter-juice,2022-03-08T21:08:40.869515+00:00,False,https://i.seadn.io/gae/mafoZWK_Vol2rgxzbaWTZhPBFCkoHaeGJ4RWkKkQVjipUpM_p67cXq1rJGPHCBCPKQhvyAWoqq4vy9WYzdhuA0c4RxCkBbGKM0SkXQ?w=500&auto=format,verified,False,False,{'0xae6bfa94cf0f77e5f79625aef05c0fff34c3cc92': 500},https://ipfs.io/ipfs/QmXduph9cG4Y5W54WRcA84ZmqSrFVHpxo8VBLtEinCrewm/1608,https://discord.gg/guttercatgang,4614687147,2022-04-01T00:00:26.134122,0x7f268357a8c2552623316e2562d90e642bb538e5,
329463584,Gutter Juice #8998,8997,2022-03-08T13:48:44.576133,0x092bbc993042a69811d23feb0e64e3bfa0920c6a,ethereum,non-fungible,4531684124.0,ERC721,JUICE,https://guttercatgang.com/,https://opensea.io/assets/ethereum/0x092bbc993042a69811d23feb0e64e3bfa0920c6a/8997,https://i.seadn.io/gae/AWfmhXQo6FV5SWCCi-vt_umUKQoDwtOhjnQ2meRLzgMuh9I1Sr0BzfPWlRNBz7VWlroJ0Xtbgdule-Kmez1fxi-aFKp1Ie0H4Fcw5GY?w=500&auto=format,,ipfs://QmPKect1QCcKZTbcfmGbeKKTM74wVdGpEpXjKMGKTBxom1,,gutter-juice,Gutter Juice,https://opensea.io/collection/gutter-juice,2022-03-08T21:08:40.869515+00:00,False,https://i.seadn.io/gae/mafoZWK_Vol2rgxzbaWTZhPBFCkoHaeGJ4RWkKkQVjipUpM_p67cXq1rJGPHCBCPKQhvyAWoqq4vy9WYzdhuA0c4RxCkBbGKM0SkXQ?w=500&auto=format,verified,False,False,{'0xae6bfa94cf0f77e5f79625aef05c0fff34c3cc92': 500},https://ipfs.io/ipfs/QmXduph9cG4Y5W54WRcA84ZmqSrFVHpxo8VBLtEinCrewm/8997,https://discord.gg/guttercatgang,4614680995,2022-04-01T00:00:04.948954,0x7f268357a8c2552623316e2562d90e642bb538e5,
329698092,Gutter Juice #18375,18374,2022-03-08T13:48:44.576133,0x092bbc993042a69811d23feb0e64e3bfa0920c6a,ethereum,non-fungible,4531684124.0,ERC721,JUICE,https://guttercatgang.com/,https://opensea.io/assets/ethereum/0x092bbc993042a69811d23feb0e64e3bfa0920c6a/18374,https://i.seadn.io/gae/AWfmhXQo6FV5SWCCi-vt_umUKQoDwtOhjnQ2meRLzgMuh9I1Sr0BzfPWlRNBz7VWlroJ0Xtbgdule-Kmez1fxi-aFKp1Ie0H4Fcw5GY?w=500&auto=format,,ipfs://QmPKect1QCcKZTbcfmGbeKKTM74wVdGpEpXjKMGKTBxom1,,gutter-juice,Gutter Juice,https://opensea.io/collection/gutter-juice,2022-03-08T21:08:40.869515+00:00,False,https://i.seadn.io/gae/mafoZWK_Vol2rgxzbaWTZhPBFCkoHaeGJ4RWkKkQVjipUpM_p67cXq1rJGPHCBCPKQhvyAWoqq4vy9WYzdhuA0c4RxCkBbGKM0SkXQ?w=500&auto=format,verified,False,False,{'0xae6bfa94cf0f77e5f79625aef05c0fff34c3cc92': 500},https://ipfs.io/ipfs/QmXduph9cG4Y5W54WRcA84ZmqSrFVHpxo8VBLtEinCrewm/18374,https://discord.gg/guttercatgang,8610707326,2022-12-01T23:21:11.825302,0x092bbc993042a69811d23feb0e64e3bfa0920c6a,
329698035,Gutter Juice #18169,18168,2022-03-08T13:48:44.576133,0x092bbc993042a69811d23feb0e64e3bfa0920c6a,ethereum,non-fungible,4531684124.0,ERC721,JUICE,https://guttercatgang.com/,https://opensea.io/assets/ethereum/0x092bbc993042a69811d23feb0e64e3bfa0920c6a/18168,https://i.seadn.io/gae/AWfmhXQo6FV5SWCCi-vt_umUKQoDwtOhjnQ2meRLzgMuh9I1Sr0BzfPWlRNBz7VWlroJ0Xtbgdule-Kmez1fxi-aFKp1Ie0H4Fcw5GY?w=500&auto=format,,ipfs://QmPKect1QCcKZTbcfmGbeKKTM74wVdGpEpXjKMGKTBxom1,,gutter-juice,Gutter Juice,https://opensea.io/collection/gutter-juice,2022-03-08T21:08:40.869515+00:00,False,https://i.seadn.io/gae/mafoZWK_Vol2rgxzbaWTZhPBFCkoHaeGJ4RWkKkQVjipUpM_p67cXq1rJGPHCBCPKQhvyAWoqq4vy9WYzdhuA0c4RxCkBbGKM0SkXQ?w=500&auto=format,verified,False,False,{'0xae6bfa94cf0f77e5f79625aef05c0fff34c3cc92': 500},https://ipfs.io/ipfs/QmXduph9cG4Y5W54WRcA84ZmqSrFVHpxo8VBLtEinCrewm/18168,https://discord.gg/guttercatgang,4614677131,2022-03-31T23:59:52.285712,0x7f268357a8c2552623316e2562d90e642bb538e5,
329697035,Gutter Juice #17677,17676,2022-03-08T13:48:44.576133,0x092bbc993042a69811d23feb0e64e3bfa0920c6a,ethereum,non-fungible,4531684124.0,ERC721,JUICE,https://guttercatgang.com/,https://opensea.io/assets/ethereum/0x092bbc993042a69811d23feb0e64e3bfa0920c6a/17676,https://i.seadn.io/gae/AWfmhXQo6FV5SWCCi-vt_umUKQoDwtOhjnQ2meRLzgMuh9I1Sr0BzfPWlRNBz7VWlroJ0Xtbgdule-Kmez1fxi-aFKp1Ie0H4Fcw5GY?w=500&auto=format,,ipfs://QmPKect1QCcKZTbcfmGbeKKTM74wVdGpEpXjKMGKTBxom1,,gutter-juice,Gutter Juice,https://opensea.io/collection/gutter-juice,2022-03-08T21:08:40.869515+00:00,False,https://i.seadn.io/gae/mafoZWK_Vol2rgxzbaWTZhPBFCkoHaeGJ4RWkKkQVjipUpM_p67cXq1rJGPHCBCPKQhvyAWoqq4vy9WYzdhuA0c4RxCkBbGKM0SkXQ?w=500&auto=format,verified,False,False,{'0xae6bfa94cf0f77e5f79625aef05c0fff34c3cc92': 500},https://ipfs.io/ipfs/QmXduph9cG4Y5W54WRcA84ZmqSrFVHpxo8VBLtEinCrewm/17676,https://discord.gg/guttercatgang,4614662846,2022-03-31T23:59:05.273254,0x7f268357a8c2552623316e2562d90e642bb538e5,
329466418,Gutter Juice #11089,11088,2022-03-08T13:48:44.576133,0x092bbc993042a69811d23feb0e64e3bfa0920c6a,ethereum,non-fungible,4531684124.0,ERC721,JUICE,https://guttercatgang.com/,https://opensea.io/assets/ethereum/0x092bbc993042a69811d23feb0e64e3bfa0920c6a/11088,https://i.seadn.io/gae/AWfmhXQo6FV5SWCCi-vt_umUKQoDwtOhjnQ2meRLzgMuh9I1Sr0BzfPWlRNBz7VWlroJ0Xtbgdule-Kmez1fxi-aFKp1Ie0H4Fcw5GY?w=500&auto=format,,ipfs://QmPKect1QCcKZTbcfmGbeKKTM74wVdGpEpXjKMGKTBxom1,,gutter-juice,Gutter Juice,https://opensea.io/collection/gutter-juice,2022-03-08T21:08:40.869515+00:00,False,https://i.seadn.io/gae/mafoZWK_Vol2rgxzbaWTZhPBFCkoHaeGJ4RWkKkQVjipUpM_p67cXq1rJGPHCBCPKQhvyAWoqq4vy9WYzdhuA0c4RxCkBbGKM0SkXQ?w=500&auto=format,verified,False,False,{'0xae6bfa94cf0f77e5f79625aef05c0fff34c3cc92': 500},https://ipfs.io/ipfs/QmXduph9cG4Y5W54WRcA84ZmqSrFVHpxo8VBLtEinCrewm/11088,https://discord.gg/guttercatgang,8610707307,2022-12-01T23:21:11.584607,0x092bbc993042a69811d23feb0e64e3bfa0920c6a,
329692843,Gutter Juice #16090,16089,2022-03-08T13:48:44.576133,0x092bbc993042a69811d23feb0e64e3bfa0920c6a,ethereum,non-fungible,4531684124.0,ERC721,JUICE,https://guttercatgang.com/,https://opensea.io/assets/ethereum/0x092bbc993042a69811d23feb0e64e3bfa0920c6a/16089,https://i.seadn.io/gae/AWfmhXQo6FV5SWCCi-vt_umUKQoDwtOhjnQ2meRLzgMuh9I1Sr0BzfPWlRNBz7VWlroJ0Xtbgdule-Kmez1fxi-aFKp1Ie0H4Fcw5GY?w=500&auto=format,,ipfs://QmPKect1QCcKZTbcfmGbeKKTM74wVdGpEpXjKMGKTBxom1,,gutter-juice,Gutter Juice,https://opensea.io/collection/gutter-juice,2022-03-08T21:08:40.869515+00:00,False,https://i.seadn.io/gae/mafoZWK_Vol2rgxzbaWTZhPBFCkoHaeGJ4RWkKkQVjipUpM_p67cXq1rJGPHCBCPKQhvyAWoqq4vy9WYzdhuA0c4RxCkBbGKM0SkXQ?w=500&auto=format,verified,False,False,{'0xae6bfa94cf0f77e5f79625aef05c0fff34c3cc92': 500},https://ipfs.io/ipfs/QmXduph9cG4Y5W54WRcA84ZmqSrFVHpxo8VBLtEinCrewm/16089,https://discord.gg/guttercatgang,4614658290,2022-03-31T23:58:49.440512,0x7f268357a8c2552623316e2562d90e642bb538e5,
329758114,Gutter Juice #18912,18911,2022-03-08T13:48:44.576133,0x092bbc993042a69811d23feb0e64e3bfa0920c6a,ethereum,non-fungible,4531684124.0,ERC721,JUICE,https://guttercatgang.com/,https://opensea.io/assets/ethereum/0x092bbc993042a69811d23feb0e64e3bfa0920c6a/18911,https://i.seadn.io/gae/AWfmhXQo6FV5SWCCi-vt_umUKQoDwtOhjnQ2meRLzgMuh9I1Sr0BzfPWlRNBz7VWlroJ0Xtbgdule-Kmez1fxi-aFKp1Ie0H4Fcw5GY?w=500&auto=format,,ipfs://QmPKect1QCcKZTbcfmGbeKKTM74wVdGpEpXjKMGKTBxom1,,gutter-juice,Gutter Juice,https://opensea.io/collection/gutter-juice,2022-03-08T21:08:40.869515+00:00,False,https://i.seadn.io/gae/mafoZWK_Vol2rgxzbaWTZhPBFCkoHaeGJ4RWkKkQVjipUpM_p67cXq1rJGPHCBCPKQhvyAWoqq4vy9WYzdhuA0c4RxCkBbGKM0SkXQ?w=500&auto=format,verified,False,False,{'0xae6bfa94cf0f77e5f79625aef05c0fff34c3cc92': 500},https://ipfs.io/ipfs/QmXduph9cG4Y5W54WRcA84ZmqSrFVHpxo8VBLtEinCrewm/18911,https://discord.gg/guttercatgang,4614650084,2022-03-31T23:58:21.390636,0x7f268357a8c2552623316e2562d90e642bb538e5,
329453148,Gutter Juice #2063,2062,2022-03-08T13:48:44.576133,0x092bbc993042a69811d23feb0e64e3bfa0920c6a,ethereum,non-fungible,4531684124.0,ERC721,JUICE,https://guttercatgang.com/,https://opensea.io/assets/ethereum/0x092bbc993042a69811d23feb0e64e3bfa0920c6a/2062,https://i.seadn.io/gae/AWfmhXQo6FV5SWCCi-vt_umUKQoDwtOhjnQ2meRLzgMuh9I1Sr0BzfPWlRNBz7VWlroJ0Xtbgdule-Kmez1fxi-aFKp1Ie0H4Fcw5GY?w=500&auto=format,,ipfs://QmPKect1QCcKZTbcfmGbeKKTM74wVdGpEpXjKMGKTBxom1,,gutter-juice,Gutter Juice,https://opensea.io/collection/gutter-juice,2022-03-08T21:08:40.869515+00:00,False,https://i.seadn.io/gae/mafoZWK_Vol2rgxzbaWTZhPBFCkoHaeGJ4RWkKkQVjipUpM_p67cXq1rJGPHCBCPKQhvyAWoqq4vy9WYzdhuA0c4RxCkBbGKM0SkXQ?w=500&auto=format,verified,False,False,{'0xae6bfa94cf0f77e5f79625aef05c0fff34c3cc92': 500},https://ipfs.io/ipfs/QmXduph9cG4Y5W54WRcA84ZmqSrFVHpxo8VBLtEinCrewm/2062,https://discord.gg/guttercatgang,4614608468,2022-03-31T23:56:07.151895,0x7f268357a8c2552623316e2562d90e642bb538e5,
329459347,Gutter Juice #6522,6521,2022-03-08T13:48:44.576133,0x092bbc993042a69811d23feb0e64e3bfa0920c6a,ethereum,non-fungible,4531684124.0,ERC721,JUICE,https://guttercatgang.com/,https://opensea.io/assets/ethereum/0x092bbc993042a69811d23feb0e64e3bfa0920c6a/6521,https://i.seadn.io/gae/AWfmhXQo6FV5SWCCi-vt_umUKQoDwtOhjnQ2meRLzgMuh9I1Sr0BzfPWlRNBz7VWlroJ0Xtbgdule-Kmez1fxi-aFKp1Ie0H4Fcw5GY?w=500&auto=format,,ipfs://QmPKect1QCcKZTbcfmGbeKKTM74wVdGpEpXjKMGKTBxom1,,gutter-juice,Gutter Juice,https://opensea.io/collection/gutter-juice,2022-03-08T21:08:40.869515+00:00,False,https://i.seadn.io/gae/mafoZWK_Vol2rgxzbaWTZhPBFCkoHaeGJ4RWkKkQVjipUpM_p67cXq1rJGPHCBCPKQhvyAWoqq4vy9WYzdhuA0c4RxCkBbGKM0SkXQ?w=500&auto=format,verified,False,False,{'0xae6bfa94cf0f77e5f79625aef05c0fff34c3cc92': 500},https://ipfs.io/ipfs/QmXduph9cG4Y5W54WRcA84ZmqSrFVHpxo8VBLtEinCrewm/6521,https://discord.gg/guttercatgang,4618531236,2022-04-01T03:59:26.553429,0x7f268357a8c2552623316e2562d90e642bb538e5,
329463348,Gutter Juice #8905,8904,2022-03-08T13:48:44.576133,0x092bbc993042a69811d23feb0e64e3bfa0920c6a,ethereum,non-fungible,4531684124.0,ERC721,JUICE,https://guttercatgang.com/,https://opensea.io/assets/ethereum/0x092bbc993042a69811d23feb0e64e3bfa0920c6a/8904,https://i.seadn.io/gae/AWfmhXQo6FV5SWCCi-vt_umUKQoDwtOhjnQ2meRLzgMuh9I1Sr0BzfPWlRNBz7VWlroJ0Xtbgdule-Kmez1fxi-aFKp1Ie0H4Fcw5GY?w=500&auto=format,,ipfs://QmPKect1QCcKZTbcfmGbeKKTM74wVdGpEpXjKMGKTBxom1,,gutter-juice,Gutter Juice,https://opensea.io/collection/gutter-juice,2022-03-08T21:08:40.869515+00:00,False,https://i.seadn.io/gae/mafoZWK_Vol2rgxzbaWTZhPBFCkoHaeGJ4RWkKkQVjipUpM_p67cXq1rJGPHCBCPKQhvyAWoqq4vy9WYzdhuA0c4RxCkBbGKM0SkXQ?w=500&auto=format,verified,False,False,{'0xae6bfa94cf0f77e5f79625aef05c0fff34c3cc92': 500},https://ipfs.io/ipfs/QmXduph9cG4Y5W54WRcA84ZmqSrFVHpxo8VBLtEinCrewm/8904,https://discord.gg/guttercatgang,4622412712,2022-04-01T07:57:58.686593,0x7f268357a8c2552623316e2562d90e642bb538e5,
329454692,Gutter Juice #2779,2778,2022-03-08T13:48:44.576133,0x092bbc993042a69811d23feb0e64e3bfa0920c6a,ethereum,non-fungible,4531684124.0,ERC721,JUICE,https://guttercatgang.com/,https://opensea.io/assets/ethereum/0x092bbc993042a69811d23feb0e64e3bfa0920c6a/2778,https://i.seadn.io/gae/AWfmhXQo6FV5SWCCi-vt_umUKQoDwtOhjnQ2meRLzgMuh9I1Sr0BzfPWlRNBz7VWlroJ0Xtbgdule-Kmez1fxi-aFKp1Ie0H4Fcw5GY?w=500&auto=format,,ipfs://QmPKect1QCcKZTbcfmGbeKKTM74wVdGpEpXjKMGKTBxom1,,gutter-juice,Gutter Juice,https://opensea.io/collection/gutter-juice,2022-03-08T21:08:40.869515+00:00,False,https://i.seadn.io/gae/mafoZWK_Vol2rgxzbaWTZhPBFCkoHaeGJ4RWkKkQVjipUpM_p67cXq1rJGPHCBCPKQhvyAWoqq4vy9WYzdhuA0c4RxCkBbGKM0SkXQ?w=500&auto=format,verified,False,False,{'0xae6bfa94cf0f77e5f79625aef05c0fff34c3cc92': 500},https://ipfs.io/ipfs/QmXduph9cG4Y5W54WRcA84ZmqSrFVHpxo8VBLtEinCrewm/2778,https://discord.gg/guttercatgang,4637352559,2022-04-01T23:57:57.341534,0x7f268357a8c2552623316e2562d90e642bb538e5,
